MagicBattle,Magic Battle
SelectSpell,Select your spell.
Won,You are victorious.
Lost,You were defeated.
EndBattle,End the battle.
Spell0Name,Pallium Exuere
Spell1Name,Animatus Funem
Spell2Name,Funem Tensis
Spell3Name,Oratio Angustos
Spell4Name,Animatus Ferrum
Spell5Name,Ferrum Tensis
Spell6Name,Nuda Caro
Spell7Name,Stricta Lorum
Spell0Hover,Cloth Stripping
Spell1Hover,Animate Rope
Spell2Hover,Rope Tightening
Spell3Hover,Block Speech
Spell4Hover,Animate Chain
Spell5Hover,Chain Tightening
Spell6Hover,Full Stripping
Spell7Hover,Magic Armbinder